x,y
0.172038167,0.615463909
0.418466777,2.786868902
0.054523322,1.391114421
0.695505929,5.513140781
0.980692884,8.928013838
0.607070161,4.068108402
0.011947568,0.063691378
0.435136626,3.110613949
0.894557753,4.511442248
0.83386622,5.888070504
0.281672534,4.311799621
0.33573479,2.764826737
0.045642636,-0.892588409
0.8848521,12.75371213
0.96812355,4.528309356
0.571297675,3.595944921
0.716719676,3.609635666
0.07434831,1.76275869
0.265655909,3.147503883
0.170830833,1.456565682
0.724962878,3.93219418
0.421258879,2.972703801
0.04217659,0.873412578
0.619995055,3.984062378
0.765302866,4.949698937
0.715242532,7.131532014
0.784955135,7.079722233
0.272284389,11.86116384
0.026605156,0.244303005
0.986976457,3.692677683
0.058915448,2.147189199
0.559899994,3.605006326
0.149852436,1.032537933
0.372403622,2.655585392
0.295098473,1.656532377
0.197134535,3.404987867
0.695133297,3.701615913
0.742518261,10.27326537
0.825313237,7.169696402
0.484748986,3.585939694
0.675808315,6.043443262
0.7916749,3.455010225
0.355265427,2.476542828
0.044775931,5.997966752
0.169300308,0.75690345
0.795860181,4.276901278
0.733278047,3.597403681
0.569696626,3.648705215
0.342122064,1.998482562
0.482784098,3.460836761
0.257727252,1.81163011
0.992103707,3.672050336
0.353837485,4.563573561
0.402662357,2.947486015
0.303802435,3.671598776
0.25241684,1.079755993
0.404298493,4.014472991
0.221529326,0.803146673
0.259792642,1.636552647
0.234567108,1.488315055
0.878760028,9.048456133
0.024527291,0.059128936
0.497956215,3.483556904
0.693973705,3.63638176
0.502646435,3.505882982
0.51743757,3.554139102
0.334757277,1.916388836
0.018371782,2.152735695
0.844523574,5.154818385
0.356896266,2.645536336
0.212493253,1.280925658
0.296758583,1.688439264
0.474448235,3.256380613
0.771659764,4.33833951
0.872904745,3.877387878
0.069980517,1.397218401
0.16414597,2.402945759
0.137929959,3.980154753
0.442823663,2.93424781
0.53376598,3.59075253
0.755756296,4.094248288
0.855570187,7.796327544
0.699383936,3.890117281
0.907087586,3.718084517
0.805959126,4.400256847
0.388349324,2.431933865
0.195891048,2.998349391
0.601747278,3.934755336
0.469033639,3.446353977
0.453257746,3.542439376
0.537691873,3.52940814
0.299450343,6.278667985
0.476787878,3.289264874
0.569891095,3.793658899
0.114090955,3.998930738
0.756277627,4.583571992
0.484390114,3.392036397
0.866153744,5.292731256
0.838347831,4.880063631
0.423012322,3.127386419